  3.9145882e-001
  3.4752898e-001
  3.0079117e-001
  2.5323996e-001
  2.0496100e-001
  1.5889016e-001
  1.1256482e-001
  6.8622036e-002
  2.4504507e-002
 -1.8048745e-002
 -5.9527461e-002
 -1.0033138e-001
 -1.3794760e-001
 -1.7103783e-001
 -1.9915342e-001
 -2.2018848e-001
 -2.3438185e-001
 -2.4183381e-001
 -2.4169286e-001
 -2.3553960e-001
 -2.2366231e-001
 -2.0808279e-001
 -1.8967607e-001
 -1.6975744e-001
 -1.4922839e-001
 -1.2795957e-001
 -1.0838074e-001
 -9.0205081e-002
 -7.2327386e-002
 -5.5714639e-002
 -3.8461071e-002
 -2.2475773e-002
 -7.9071833e-003
  5.6233752e-003
  1.7397806e-002
  2.8946388e-002
  3.8586995e-002
  4.6652375e-002
  5.2088043e-002
  5.4848318e-002
  5.5048436e-002
  5.2103242e-002
  4.4536570e-002
  3.3648072e-002
  2.0905155e-002
  7.2350429e-003
 -6.9253782e-003
 -2.1393957e-002
 -3.6492680e-002
 -5.0989413e-002
 -6.5335978e-002
 -7.8801975e-002
 -9.3512188e-002
 -1.0618309e-001
 -1.1851831e-001
 -1.2906264e-001
 -1.3876031e-001
 -1.4734717e-001
 -1.5584982e-001
 -1.6466904e-001
 -1.7409179e-001
 -1.8457443e-001
 -1.9568612e-001
 -2.0595966e-001
 -2.1508287e-001
 -2.2307905e-001
 -2.2814375e-001
 -2.2695618e-001
 -2.1815575e-001
 -1.9653775e-001
 -1.6659678e-001
 -1.2888552e-001
 -8.5411959e-002
 -3.5494331e-002
  2.0324790e-002
  7.8956763e-002
  1.3752967e-001
  1.9402493e-001
  2.4511234e-001
  2.8826970e-001
  3.2120312e-001
  3.4618577e-001
  3.6400318e-001
  3.7467245e-001
  3.8006187e-001
  3.8193614e-001
  3.8117801e-001
  3.7748544e-001
  3.7101104e-001
  3.6230109e-001
  3.5255717e-001
  3.4128948e-001
  3.2736824e-001
  3.1176285e-001
  2.9198064e-001
  2.7068306e-001
  2.4645782e-001
  2.2166232e-001
  1.9795055e-001
  1.7408531e-001
  1.4880993e-001
  1.2354436e-001
  9.8221485e-002
  7.4167054e-002
  4.9570665e-002
  2.5181037e-002
  1.4325415e-003
 -2.3237295e-002
 -4.8388856e-002
 -7.3651504e-002
 -9.9644964e-002
 -1.2541877e-001
 -1.5156508e-001
 -1.7722461e-001
 -2.0219751e-001
 -2.2524506e-001
 -2.4662115e-001
 -2.6490569e-001
 -2.8024428e-001
 -2.9090302e-001
 -2.9658825e-001
 -2.9871134e-001
 -2.9605824e-001
 -2.8913278e-001
 -2.7883870e-001
 -2.6581795e-001
 -2.5089919e-001
 -2.3359592e-001
 -2.1485558e-001
 -1.9367886e-001
 -1.7071401e-001
 -1.4579623e-001
 -1.2013995e-001
 -9.4924211e-002
 -6.7287627e-002
 -3.9496357e-002
 -1.2912758e-002
  1.4894929e-002
  4.2106471e-002
  6.7506037e-002
  9.1503186e-002
  1.1322620e-001
  1.3213381e-001
  1.4704968e-001
  1.5602589e-001
  1.6283950e-001
  1.6561627e-001
  1.6455223e-001
  1.5958362e-001
  1.5731360e-001
  1.5608844e-001
  1.5795792e-001
  1.6371949e-001
  1.7528436e-001
  1.8891897e-001
  2.0561834e-001
  2.2353938e-001
  2.3995163e-001
  2.5001950e-001
  2.5567459e-001
  2.5603776e-001
  2.4928564e-001
  2.3397664e-001
  2.0934941e-001
  1.7621647e-001
  1.4021228e-001
  9.8967299e-002
  5.5556146e-002
  1.5981666e-002
 -1.9358528e-002
 -5.0031767e-002
 -7.6035823e-002
 -9.1902551e-002
 -1.0243011e-001
 -1.0695475e-001
 -1.0711129e-001
 -1.0420777e-001
 -9.8617026e-002
 -9.0228595e-002
 -8.0102938e-002
 -6.8098987e-002
 -5.3985781e-002
 -3.7170788e-002
 -1.7331631e-002
  4.7806261e-003
  2.8409945e-002
  5.2058474e-002
  7.4844202e-002
  9.6354893e-002
  1.1621138e-001
  1.3434721e-001
  1.4965909e-001
  1.6270296e-001
  1.7247029e-001
  1.7845913e-001
  1.8024569e-001
  1.7792301e-001
  1.7036017e-001
  1.5773062e-001
  1.4012573e-001
  1.1736113e-001
  9.1483479e-002
  6.4363037e-002
  3.5834082e-002
  7.7219082e-003
 -2.0846736e-002
 -4.7712710e-002
 -7.3675349e-002
 -9.7607190e-002
 -1.1960145e-001
 -1.3994259e-001
 -1.5901451e-001
 -1.7689707e-001
 -1.9456838e-001
 -2.1122616e-001
 -2.2737436e-001
 -2.4349103e-001
 -2.5956808e-001
 -2.7506667e-001
 -2.8957677e-001
 -3.0275659e-001
 -3.1332252e-001
 -3.2071198e-001
 -3.2334827e-001
 -3.2116295e-001
 -3.1361570e-001
 -3.0073596e-001
 -2.8277021e-001
 -2.6008186e-001
 -2.3431041e-001
 -2.0423978e-001
 -1.6988349e-001
 -1.3032213e-001
 -8.5552876e-002
 -3.4619619e-002
  2.2334526e-002
  8.4376874e-002
  1.5047475e-001
  2.1778022e-001
  2.8314922e-001
  3.4390993e-001
  3.9709425e-001
  4.4305305e-001
  4.8014817e-001
  5.0732506e-001
  3.2018361e-001
  3.1342268e-001
  3.0053005e-001
  2.8252707e-001
  2.6063960e-001
  2.3642328e-001
  2.1109305e-001
  1.8544791e-001
  1.6024182e-001
  1.3597549e-001
  1.1288534e-001
  9.1487851e-002
  7.1687960e-002
  5.3592340e-002
  3.7599688e-002
  2.3649899e-002
  1.1829076e-002
  2.1676282e-003
 -5.5489384e-003
 -1.1350469e-002
 -1.5965962e-002
 -1.9363971e-002
 -2.2546131e-002
 -2.5890115e-002
 -2.9744997e-002
 -3.4098914e-002
 -3.9629281e-002
 -4.5488762e-002
 -5.1724305e-002
 -5.7775178e-002
 -6.3547573e-002
 -6.8776670e-002
 -7.3385466e-002
 -7.7444716e-002
 -8.1074902e-002
 -8.4476701e-002
 -8.7435262e-002
 -8.9424246e-002
 -9.0838810e-002
 -9.1550014e-002
 -9.1392152e-002
 -8.9988703e-002
 -8.7154982e-002
 -8.2899055e-002
 -7.7387023e-002
 -7.0905023e-002
 -6.3917548e-002
 -5.6484901e-002
 -4.8425600e-002
 -4.0716063e-002
 -3.2058111e-002
 -2.4708549e-002
 -1.8058760e-002
 -1.3046736e-002
 -8.5906066e-003
 -5.7105390e-003
 -4.0568382e-003
 -4.1243663e-003
 -5.7746105e-003
 -8.9274590e-003
 -1.3099590e-002
 -1.8007689e-002
 -2.3481219e-002
 -2.9578102e-002
 -3.4799345e-002
 -3.9235205e-002
 -4.2072701e-002
 -4.1962783e-002
 -3.6941713e-002
 -2.5424535e-002
 -6.8136592e-003
  1.7924024e-002
  4.7229188e-002
  7.8826149e-002
  1.1020026e-001
  1.3981936e-001
  1.6527740e-001
  1.8444161e-001
  1.9726211e-001
  2.0279656e-001
  2.0125953e-001
  1.9384032e-001
  1.8119315e-001
  1.6452173e-001
  1.4615555e-001
  1.2673559e-001
  1.0884227e-001
  9.2081305e-002
  7.7607420e-002
  6.5477705e-002
  5.5691553e-002
  4.8462566e-002
  4.2109648e-002
  3.6695186e-002
  3.2589948e-002
  3.0209522e-002
  3.0008941e-002
  3.3076148e-002
  3.9747819e-002
  5.0383888e-002
  6.2471683e-002
  7.5887183e-002
  8.9211340e-002
  1.0153693e-001
  1.1130686e-001
  1.1769849e-001
  1.2031797e-001
  1.1858509e-001
  1.1266185e-001
  1.0248148e-001
  8.8494393e-002
  7.1920918e-002
  5.2033409e-002
  2.8709470e-002
  3.5505158e-003
 -2.1675605e-002
 -4.7413160e-002
 -7.0875590e-002
 -9.3885986e-002
 -1.1546810e-001
 -1.3616147e-001
 -1.5480971e-001
 -1.7115009e-001
 -1.8672442e-001
 -2.0045904e-001
 -2.1314361e-001
 -2.2437325e-001
 -2.3464199e-001
 -2.4398889e-001
 -2.5263137e-001
 -2.6083680e-001
 -2.6674312e-001
 -2.7064819e-001
 -2.7162422e-001
 -2.6976338e-001
 -2.6406163e-001
 -2.5550384e-001
 -2.4392580e-001
 -2.3079388e-001
 -2.1559282e-001
 -1.9922406e-001
 -1.7917097e-001
 -1.5785127e-001
 -1.3312660e-001
 -1.0377558e-001
 -6.9001906e-002
 -2.9153969e-002
  1.7163047e-002
  6.9848843e-002
  1.2797958e-001
  1.8779513e-001
  2.4667479e-001
  3.0185042e-001
  3.5191452e-001
  3.9296781e-001
  4.2499123e-001
  4.4611031e-001
  4.5584989e-001
  4.5269942e-001
  4.4027751e-001
  4.1819816e-001
  3.8889257e-001
  3.5334135e-001
  3.1361427e-001
  2.7072383e-001
  2.2670217e-001
  1.8158545e-001
  1.3734203e-001
  9.3102760e-002
  5.2121545e-002
  1.4264350e-002
 -2.0100426e-002
 -4.9643880e-002
 -7.5225013e-002
 -9.7670942e-002
 -1.1716660e-001
 -1.3417176e-001
 -1.4704435e-001
 -1.5633645e-001
 -1.6300790e-001
 -1.6834007e-001
 -1.7334909e-001
 -1.7847373e-001
 -1.8415396e-001
 -1.9180773e-001
 -2.0033513e-001
 -2.0911541e-001
 -2.1865185e-001
 -2.2739627e-001
 -2.3373787e-001
 -2.3685165e-001
 -2.3687152e-001
 -2.3242030e-001
 -2.2624069e-001
 -2.1697714e-001
 -2.0379761e-001
 -1.8897541e-001
 -1.7302904e-001
 -1.5750110e-001
 -1.4160929e-001
 -1.2548597e-001
 -1.0992981e-001
 -9.3815429e-002
 -7.8197027e-002
 -6.3005448e-002
 -4.7655907e-002
 -3.2150314e-002
 -1.4287455e-002
  4.3434561e-003
  2.1541569e-002
  3.8216432e-002
  5.2700733e-002
  6.4918196e-002
  7.3436886e-002
  7.8969328e-002
  8.1228091e-002
  8.1363935e-002
  8.0369241e-002
  8.0066722e-002
  8.2124902e-002
  8.7432414e-002
  9.6703064e-002
  1.1068921e-001
  1.3053601e-001
  1.5329281e-001
  1.7722194e-001
  2.0118388e-001
  2.2454380e-001
  2.4168616e-001
  2.5230987e-001
  2.5521759e-001
  2.5171064e-001
  2.4005339e-001
  2.2150230e-001
  1.9684739e-001
  1.6773345e-001
  1.3540026e-001
  1.0024384e-001
  6.5108974e-002
  3.0813713e-002
  3.3395210e-004
 -2.8174044e-002
 -5.3704321e-002
 -7.5893577e-002
 -9.4076044e-002
 -1.0714850e-001
 -1.1684139e-001
