  2.7024679e-002
  1.9241729e-002
  1.0966029e-002
  2.2897801e-003
 -6.5919948e-003
 -1.5256932e-002
 -2.4054563e-002
 -3.2300737e-002
 -4.0585183e-002
 -4.8320134e-002
 -5.6258328e-002
 -6.4497579e-002
 -7.2167025e-002
 -7.9184341e-002
 -8.5279758e-002
 -8.9777717e-002
 -9.2880479e-002
 -9.4232956e-002
 -9.3427300e-002
 -9.0782771e-002
 -8.6332775e-002
 -8.0530944e-002
 -7.3539553e-002
 -6.5670231e-002
 -5.6849592e-002
 -4.7271141e-002
 -3.7634474e-002
 -2.7353217e-002
 -1.6258504e-002
 -4.3922253e-003
  8.5452405e-003
  2.1429577e-002
  3.4049500e-002
  4.6294363e-002
  5.8236796e-002
  7.0011252e-002
  8.0790237e-002
  9.0425709e-002
  9.8395847e-002
  1.0451157e-001
  1.0847559e-001
  1.0947209e-001
  1.0699479e-001
  1.0193136e-001
  9.5133004e-002
  8.7080829e-002
  7.8233833e-002
  6.8836701e-002
  5.9053916e-002
  4.9280432e-002
  3.9474856e-002
  2.9358184e-002
  1.8839521e-002
  9.2034984e-003
  1.3046368e-006
 -8.2563632e-003
 -1.5803814e-002
 -2.2878860e-002
 -3.0089446e-002
 -3.7384104e-002
 -4.4728949e-002
 -5.2326710e-002
 -5.9956756e-002
 -6.7197252e-002
 -7.4515098e-002
 -8.2224243e-002
 -8.9376667e-002
 -9.5168242e-002
 -9.8852771e-002
 -9.9683912e-002
 -9.8675173e-002
 -9.5088995e-002
 -8.9850373e-002
 -8.3390719e-002
 -7.5713476e-002
 -6.7377482e-002
 -5.8553718e-002
 -4.9271581e-002
 -4.0045805e-002
 -3.1563147e-002
 -2.3831621e-002
 -1.5474570e-002
 -6.3901812e-003
  3.3536570e-003
  1.4275774e-002
  2.6514817e-002
  3.9494199e-002
  5.2149506e-002
  6.3897854e-002
  7.4680351e-002
  8.4708117e-002
  9.3539993e-002
  1.0089009e-001
  1.0618701e-001
  1.0867661e-001
  1.0904966e-001
  1.0697055e-001
  1.0362074e-001
  9.9160036e-002
  9.2592156e-002
  8.3675988e-002
  7.3141217e-002
  6.1603019e-002
  4.9533794e-002
  3.6629522e-002
  2.3823398e-002
  1.1242032e-002
 -1.5616452e-003
 -1.4076298e-002
 -2.6253528e-002
 -3.8123312e-002
 -4.9341103e-002
 -6.0020908e-002
 -6.9951570e-002
 -7.9137794e-002
 -8.7450969e-002
 -9.4948736e-002
 -1.0127724e-001
 -1.0619878e-001
 -1.0890409e-001
 -1.0966498e-001
 -1.0880728e-001
 -1.0583615e-001
 -1.0111515e-001
 -9.5107222e-002
 -8.8119871e-002
 -8.0387337e-002
 -7.1711270e-002
 -6.2083208e-002
 -5.1281919e-002
 -3.9492372e-002
 -2.6822507e-002
 -1.4153973e-002
 -1.3236758e-003
  1.2511781e-002
  2.5931791e-002
  3.8944451e-002
  5.2254098e-002
  6.4892792e-002
  7.6734293e-002
  8.7899392e-002
  9.7956719e-002
  1.0660788e-001
  1.1284876e-001
  1.1646204e-001
  1.1862009e-001
  1.1826122e-001
  1.1489977e-001
  1.0925488e-001
  1.0304373e-001
  9.5358870e-002
  8.6618386e-002
  7.6786713e-002
  6.5915756e-002
  5.3699485e-002
  4.1331998e-002
  2.8935434e-002
  1.6454819e-002
  3.9341980e-003
 -8.3009926e-003
 -2.0268188e-002
 -3.2116606e-002
 -4.4144178e-002
 -5.6050423e-002
 -6.7961055e-002
 -7.9546787e-002
 -9.0494144e-002
 -1.0046942e-001
 -1.0868005e-001
 -1.1533963e-001
 -1.1976356e-001
 -1.2087116e-001
 -1.1846647e-001
 -1.1406340e-001
 -1.0724267e-001
 -9.8808337e-002
 -8.9338865e-002
 -7.8958340e-002
 -6.7910558e-002
 -5.6771671e-002
 -4.5454109e-002
 -3.3705745e-002
 -2.1182295e-002
 -7.8593877e-003
  5.8319562e-003
  1.9427244e-002
  3.2313698e-002
  4.4336259e-002
  5.5610765e-002
  6.6271647e-002
  7.6392606e-002
  8.5952223e-002
  9.5147354e-002
  1.0347855e-001
  1.1057822e-001
  1.1620465e-001
  1.1990495e-001
  1.2087544e-001
  1.1901057e-001
  1.1422485e-001
  1.0690599e-001
  9.8331391e-002
  8.9039981e-002
  7.9048449e-002
  6.8691043e-002
  5.7788391e-002
  4.6834471e-002
  3.5547111e-002
  2.4424680e-002
  1.3291768e-002
  2.0788946e-003
 -9.1071583e-003
 -2.0235641e-002
 -3.1218915e-002
 -4.1598016e-002
 -5.1588055e-002
 -6.1321634e-002
 -7.0778011e-002
 -7.9845757e-002
 -8.8621078e-002
 -9.6942829e-002
 -1.0439009e-001
 -1.1058001e-001
 -1.1485076e-001
 -1.1711677e-001
 -1.1710024e-001
 -1.1472152e-001
 -1.1003090e-001
 -1.0350969e-001
 -9.5664258e-002
 -8.6425833e-002
 -7.6455904e-002
 -6.5888948e-002
 -5.4624776e-002
 -4.2584733e-002
 -2.9815186e-002
 -1.6051510e-002
 -1.2581629e-003
  1.4098035e-002
  2.9368926e-002
  4.4014023e-002
  5.8056449e-002
  7.2323930e-002
  8.6471885e-002
  9.9745949e-002
  1.1118796e-001
  1.2033320e-001
  1.2663858e-001
  1.2997237e-001
  1.3001958e-001
  1.2700789e-001
  1.2133636e-001
  1.1388551e-001
  1.0507793e-001
  9.4797217e-002
  8.3982493e-002
  7.2508344e-002
  6.0550793e-002
  4.8211821e-002
  3.6027028e-002
  2.4108658e-002
  1.2026216e-002
 -1.3172378e-004
 -1.1642577e-002
 -2.2721937e-002
 -3.3182093e-002
 -4.3635281e-002
 -5.4139046e-002
 -6.3810497e-002
 -7.3122409e-002
 -8.1344200e-002
 -8.8657239e-002
 -9.4914352e-002
 -9.9986623e-002
 -1.0313416e-001
 -1.0546094e-001
 -1.0620242e-001
 -1.0516825e-001
 -1.0225457e-001
 -9.7644005e-002
 -9.1532026e-002
 -8.4252053e-002
 -7.6091901e-002
 -6.7293183e-002
 -5.8420421e-002
 -4.9452531e-002
 -3.9762512e-002
 -2.9407701e-002
 -1.8340419e-002
 -6.4982848e-003
  6.5034351e-003
  2.0704908e-002
  3.5862303e-002
  5.1253424e-002
  6.5983972e-002
  7.8969938e-002
  8.9774824e-002
  9.8673031e-002
  1.0494150e-001
  1.1028055e-001
  1.1362041e-001
  1.1470293e-001
  1.1322057e-001
  1.0998777e-001
  1.0497946e-001
  9.8746070e-002
  9.1326455e-002
  8.2594396e-002
  7.2710197e-002
  6.2025781e-002
  5.1051916e-002
  4.0077689e-002
  2.8900205e-002
  1.8370083e-002
  7.8301840e-003
 -3.2824993e-003
 -1.4929210e-002
 -2.6615238e-002
 -3.8177936e-002
 -4.9181148e-002
 -5.9635247e-002
 -6.9136389e-002
 -7.7668089e-002
 -8.5746009e-002
 -9.3051466e-002
 -9.9326630e-002
 -1.0488627e-001
 -1.0872086e-001
 -1.1067048e-001
 -1.1099137e-001
 -1.0938200e-001
 -1.0599885e-001
 -1.0123293e-001
 -9.4964187e-002
 -8.7838464e-002
 -7.9153396e-002
 -6.9479756e-002
 -5.8943015e-002
 -4.7633976e-002
 -3.5872670e-002
 -2.3284878e-002
 -1.0644316e-002
  1.4705497e-003
  1.3189283e-002
  2.4611463e-002
  3.5924272e-002
  4.7843790e-002
  6.0912033e-002
  7.5320563e-002
  8.9236442e-002
  1.0169268e-001
  1.1196920e-001
  1.1958539e-001
  1.2404190e-001
  1.2518029e-001
  1.2331272e-001
  1.1854981e-001
  1.1147751e-001
  1.0263099e-001
  9.2319627e-002
  8.1428217e-002
  7.0487980e-002
  5.9463287e-002
  4.8603668e-002
  3.8090140e-002
  2.7379810e-002
  1.6839929e-002
  5.8310906e-003
 -5.7385003e-003
 -1.7848626e-002
 -2.9714264e-002
 -4.0628171e-002
 -5.1226218e-002
 -6.1171805e-002
 -7.0500465e-002
 -7.9014052e-002
 -8.6779975e-002
 -9.3810196e-002
 -1.0009780e-001
 -1.0572892e-001
 -1.0958609e-001
 -1.1143141e-001
 -1.1104280e-001
 -1.0843868e-001
 -1.0354228e-001
 -9.6961755e-002
 -8.9226175e-002
 -8.1341493e-002
 -7.3513991e-002
 -6.5970423e-002
 -5.7139821e-002
 -4.7523322e-002
 -3.6932255e-002
 -2.5089413e-002
 -1.2010612e-002
  1.5573158e-003
  1.5587241e-002
  3.0208464e-002
  4.5389375e-002
  6.0092943e-002
  7.3686319e-002
  8.5696937e-002
  9.6266240e-002
  1.0449377e-001
  1.1087852e-001
  1.1558304e-001
  1.1812647e-001
  1.1760838e-001
  1.1520196e-001
  1.1092471e-001
  1.0518847e-001
  9.8407288e-002
  9.0638190e-002
  8.1524659e-002
  7.1760062e-002
  6.1111455e-002
  4.9993217e-002
  3.8083148e-002
  2.6495206e-002
  1.5653114e-002
  5.3779406e-003
 -3.9658944e-003
 -1.3004822e-002
 -2.2666836e-002
 -3.3219144e-002
 -4.4679649e-002
 -5.5698811e-002
 -6.5244848e-002
 -7.3130148e-002
 -7.9652781e-002
 -8.5280683e-002
 -9.0196795e-002
 -9.4325438e-002
 -9.8304273e-002
 -1.0182080e-001
 -1.0423398e-001
 -1.0594837e-001
 -1.0647237e-001
 -1.0489517e-001
 -1.0098181e-001
 -9.5213822e-002
 -8.7450562e-002
 -7.9122899e-002
 -7.0444881e-002
 -6.0247534e-002
 -4.8966091e-002
 -3.6934000e-002
 -2.4603619e-002
 -1.1887495e-002
  1.3414753e-003
  1.4610997e-002
  2.8198094e-002
  4.1655352e-002
  5.4243833e-002
  6.6028585e-002
  7.6964511e-002
  8.7958890e-002
  9.8711919e-002
  1.0758357e-001
  1.1458823e-001
  1.1928707e-001
  1.2139773e-001
  1.2072747e-001
  1.1768710e-001
  1.1256888e-001
  1.0589388e-001
  9.8073561e-002
  8.9551910e-002
  8.0475353e-002
  7.0855763e-002
  6.1037887e-002
  5.0969436e-002
  4.0995988e-002
  3.0974126e-002
  2.0675729e-002
  1.0432935e-002
  1.0711932e-003
 -8.8296747e-003
 -1.9518248e-002
 -3.0602227e-002
 -4.1041426e-002
 -5.0991785e-002
 -6.0271187e-002
 -6.8587388e-002
 -7.5622172e-002
 -8.1504670e-002
 -8.6842345e-002
 -9.1150075e-002
 -9.4286734e-002
 -9.5232481e-002
 -9.4794871e-002
 -9.3709831e-002
 -9.1906977e-002
 -8.9200941e-002
 -8.5128493e-002
 -8.0389464e-002
