  3.3449897e-001
  3.0468487e-001
  2.7291897e-001
  2.4054257e-001
  2.0838217e-001
  1.7721127e-001
  1.4694407e-001
  1.1753407e-001
  8.8458169e-002
  5.9689869e-002
  3.1519769e-002
  4.4645692e-003
 -2.0606361e-002
 -4.2906451e-002
 -6.1725491e-002
 -7.6597251e-002
 -8.7313151e-002
 -9.3875591e-002
 -9.6688541e-002
 -9.6305391e-002
 -9.3452511e-002
 -8.9060021e-002
 -8.3834541e-002
 -7.8665201e-002
 -7.4222371e-002
 -7.1082941e-002
 -6.9813131e-002
 -7.0602821e-002
 -7.3210011e-002
 -7.7416241e-002
 -8.3096041e-002
 -8.9984391e-002
 -9.7587251e-002
 -1.0549684e-001
 -1.1369232e-001
 -1.2181329e-001
 -1.2953952e-001
 -1.3643188e-001
 -1.4249115e-001
 -1.4762884e-001
 -1.5172259e-001
 -1.5475970e-001
 -1.5681182e-001
 -1.5780403e-001
 -1.5784092e-001
 -1.5678061e-001
 -1.5486105e-001
 -1.5241028e-001
 -1.4967962e-001
 -1.4665769e-001
 -1.4338775e-001
 -1.3989164e-001
 -1.3612907e-001
 -1.3234059e-001
 -1.2838970e-001
 -1.2418790e-001
 -1.2002153e-001
 -1.1574052e-001
 -1.1121098e-001
 -1.0686513e-001
 -1.0312522e-001
 -1.0008897e-001
 -9.7471391e-002
 -9.5022211e-002
 -9.2514971e-002
 -8.8908411e-002
 -8.3397421e-002
 -7.4650581e-002
 -6.0752601e-002
 -3.9802191e-002
 -1.2834821e-002
  1.7554969e-002
  5.0730269e-002
  8.8626669e-002
  1.3041087e-001
  1.7412057e-001
  2.1736807e-001
  2.5755797e-001
  2.9206347e-001
  3.1888977e-001
  3.3697497e-001
  3.4596097e-001
  3.4625387e-001
  3.3873977e-001
  3.2466737e-001
  3.0546977e-001
  2.8237557e-001
  2.5695787e-001
  2.3036277e-001
  2.0394407e-001
  1.7830507e-001
  1.5346537e-001
  1.2913637e-001
  1.0560107e-001
  8.3235769e-002
  6.2501569e-002
  4.3676269e-002
  2.7145169e-002
  1.3272369e-002
  2.1324692e-003
 -6.3895308e-003
 -1.2524471e-002
 -1.6669581e-002
 -1.9261991e-002
 -2.0874431e-002
 -2.2131631e-002
 -2.3688301e-002
 -2.5786291e-002
 -2.8836601e-002
 -3.2963051e-002
 -3.8198381e-002
 -4.4641741e-002
 -5.2348681e-002
 -6.1157371e-002
 -7.0665191e-002
 -8.0467001e-002
 -9.0121301e-002
 -9.9207301e-002
 -1.0758502e-001
 -1.1499704e-001
 -1.2120759e-001
 -1.2616087e-001
 -1.2975640e-001
 -1.3217813e-001
 -1.3347579e-001
 -1.3412804e-001
 -1.3411900e-001
 -1.3353659e-001
 -1.3265290e-001
 -1.3139085e-001
 -1.2980026e-001
 -1.2775238e-001
 -1.2545058e-001
 -1.2277353e-001
 -1.1960084e-001
 -1.1593941e-001
 -1.1180246e-001
 -1.0700492e-001
 -1.0156782e-001
 -9.5694931e-002
 -8.9710291e-002
 -8.3739241e-002
 -7.7872431e-002
 -7.2361521e-002
 -6.7098611e-002
 -6.2067651e-002
 -5.7072831e-002
 -5.1748661e-002
 -4.5005341e-002
 -3.5168071e-002
 -2.1362171e-002
 -3.0607308e-003
  2.1189069e-002
  5.2075569e-002
  8.7701769e-002
  1.2661097e-001
  1.6671687e-001
  2.0527957e-001
  2.3781557e-001
  2.6544877e-001
  2.8752147e-001
  3.0181617e-001
  3.0790887e-001
  3.0399897e-001
  2.9108887e-001
  2.7455597e-001
  2.5084677e-001
  2.2312957e-001
  1.9527447e-001
  1.6878857e-001
  1.4309657e-001
  1.1765397e-001
  9.5548769e-002
  7.6062169e-002
  5.8558169e-002
  4.2698369e-002
  2.8215769e-002
  1.5058669e-002
  3.0923692e-003
 -7.5203008e-003
 -1.6606111e-002
 -2.4045421e-002
 -2.9534411e-002
 -3.3072671e-002
 -3.4680971e-002
 -3.4724451e-002
 -3.3654931e-002
 -3.1964801e-002
 -3.0298441e-002
 -2.8962421e-002
 -2.8342131e-002
 -2.8943311e-002
 -3.0806861e-002
 -3.3942011e-002
 -3.8226521e-002
 -4.3509651e-002
 -4.9738181e-002
 -5.6806221e-002
 -6.4516451e-002
 -7.2910661e-002
 -8.2088231e-002
 -9.1931861e-002
 -1.0217007e-001
 -1.1224933e-001
 -1.2187336e-001
 -1.3057816e-001
 -1.3792602e-001
 -1.4351628e-001
 -1.4739263e-001
 -1.4945693e-001
 -1.4990910e-001
 -1.4916106e-001
 -1.4759362e-001
 -1.4576156e-001
 -1.4400858e-001
 -1.4247537e-001
 -1.4151001e-001
 -1.4107809e-001
 -1.4112025e-001
 -1.4129169e-001
 -1.4122970e-001
 -1.4066218e-001
 -1.3911096e-001
 -1.3644549e-001
 -1.3234977e-001
 -1.2668588e-001
 -1.1954836e-001
 -1.1096783e-001
 -1.0104674e-001
 -8.9902971e-002
 -7.7099741e-002
 -6.1437381e-002
 -4.1778671e-002
 -1.8147051e-002
  1.0209569e-002
  4.3630869e-002
  8.1016069e-002
  1.2102667e-001
  1.6113627e-001
  1.9933737e-001
  2.3373757e-001
  2.6262887e-001
  2.8467137e-001
  2.9886927e-001
  3.0491327e-001
  3.0316217e-001
  2.9416427e-001
  2.7919637e-001
  2.5937077e-001
  2.3600227e-001
  2.1073967e-001
  1.8475337e-001
  1.5894297e-001
  1.3401147e-001
  1.1050907e-001
  8.8550669e-002
  6.8676369e-002
  5.0854469e-002
  3.5126669e-002
  2.1715869e-002
  1.0663169e-002
  1.9029692e-003
 -4.2857008e-003
 -8.2782408e-003
 -1.0353521e-002
 -1.0973141e-002
 -1.0574121e-002
 -9.8664508e-003
 -9.5591008e-003
 -9.9657408e-003
 -1.1530781e-002
 -1.4295351e-002
 -1.8219171e-002
 -2.3099841e-002
 -2.8727191e-002
 -3.4819851e-002
 -4.1199111e-002
 -4.7690041e-002
 -5.4329371e-002
 -6.1148461e-002
 -6.8050551e-002
 -7.4960091e-002
 -8.1628171e-002
 -8.8251651e-002
 -9.4835851e-002
 -1.0119044e-001
 -1.0730759e-001
 -1.1292748e-001
 -1.1798958e-001
 -1.2221874e-001
 -1.2549757e-001
 -1.2763882e-001
 -1.2856271e-001
 -1.2813666e-001
 -1.2645053e-001
 -1.2379157e-001
 -1.2045686e-001
 -1.1661273e-001
 -1.1235405e-001
 -1.0770626e-001
 -1.0301083e-001
 -9.8601871e-002
 -9.4546981e-002
 -9.0841331e-002
 -8.7511481e-002
 -8.4349131e-002
 -8.1438411e-002
 -7.8690991e-002
 -7.5961031e-002
 -7.2778781e-002
 -6.8140451e-002
 -6.1371521e-002
 -5.1068821e-002
 -3.5822131e-002
 -1.3920911e-002
  1.4801769e-002
  4.9626669e-002
  8.8311069e-002
  1.2880137e-001
  1.6889747e-001
  2.0646387e-001
  2.3907507e-001
  2.6487327e-001
  2.8252097e-001
  2.9154247e-001
  2.9201197e-001
  2.8474917e-001
  2.7063437e-001
  2.5100137e-001
  2.2793107e-001
  2.0294037e-001
  1.7725307e-001
  1.5194977e-001
  1.2753137e-001
  1.0457317e-001
  8.3184969e-002
  6.3042269e-002
  4.3816869e-002
  2.5603669e-002
  8.7037692e-003
 -6.4880808e-003
 -1.9658681e-002
 -3.0399021e-002
 -3.8697011e-002
 -4.4391051e-002
 -4.7597211e-002
 -4.8570341e-002
 -4.7703361e-002
 -4.5694051e-002
 -4.3111461e-002
 -4.0535061e-002
 -3.8522421e-002
 -3.7428421e-002
 -3.7813831e-002
 -3.9970471e-002
 -4.3787931e-002
 -4.9197241e-002
 -5.7206291e-002
 -6.7985801e-002
 -8.0468111e-002
 -9.3075301e-002
 -1.0560979e-001
 -1.1625017e-001
 -1.2538645e-001
 -1.3272959e-001
 -1.3837657e-001
 -1.4249806e-001
 -1.4512875e-001
 -1.4668704e-001
 -1.4728810e-001
 -1.4717300e-001
 -1.4677780e-001
 -1.4608105e-001
 -1.4537222e-001
 -1.4481377e-001
 -1.4461377e-001
 -1.4468984e-001
 -1.4478575e-001
 -1.4474355e-001
 -1.4432703e-001
 -1.4308604e-001
 -1.4103602e-001
 -1.3781361e-001
 -1.3341584e-001
 -1.2771725e-001
 -1.2084328e-001
 -1.1291667e-001
 -1.0389193e-001
 -9.3176521e-002
 -7.9152481e-002
 -6.1471851e-002
 -3.9257701e-002
 -1.1691861e-002
  2.1199669e-002
  5.8494169e-002
  9.8245469e-002
  1.3804487e-001
  1.7588597e-001
  2.0985157e-001
  2.3809917e-001
  2.5904247e-001
  2.7166697e-001
  2.7592527e-001
  2.7172727e-001
  2.6012457e-001
  2.4208207e-001
  2.1865917e-001
  1.9107697e-001
  1.6108487e-001
  1.3022157e-001
  9.8976269e-002
  6.8484769e-002
  3.9313269e-002
  1.1933469e-002
 -1.3106461e-002
 -3.5312141e-002
 -5.4482791e-002
 -6.9947221e-002
 -8.1320021e-002
 -8.8784501e-002
 -9.2390001e-002
 -9.2542601e-002
 -8.9831191e-002
 -8.5131911e-002
 -7.9500671e-002
 -7.3794281e-002
 -6.8792151e-002
 -6.5173111e-002
 -6.3550691e-002
 -6.4065301e-002
 -6.6695841e-002
 -7.1217511e-002
 -7.7200341e-002
 -8.4436871e-002
 -9.2194601e-002
 -9.9845631e-002
 -1.0673808e-001
 -1.1228557e-001
 -1.1650841e-001
 -1.1930369e-001
 -1.2109396e-001
 -1.2256452e-001
 -1.2431559e-001
 -1.2675420e-001
 -1.3000118e-001
 -1.3400306e-001
 -1.3863696e-001
 -1.4362920e-001
 -1.4866617e-001
 -1.5308979e-001
 -1.5662677e-001
 -1.5889210e-001
 -1.5946398e-001
 -1.5820591e-001
 -1.5517535e-001
 -1.5061912e-001
 -1.4476067e-001
 -1.3790057e-001
 -1.3052154e-001
 -1.2278896e-001
 -1.1492051e-001
 -1.0664145e-001
 -9.7211301e-002
 -8.5616041e-002
 -7.0242221e-002
 -5.0427351e-002
 -2.6205971e-002
  3.4845692e-003
  3.8827969e-002
  7.7601769e-002
  1.1800307e-001
  1.5824527e-001
  1.9644607e-001
  2.3025807e-001
  2.5810317e-001
  2.7879567e-001
  2.9153477e-001
  2.9610347e-001
  2.9279617e-001
  2.8226437e-001
  2.6530097e-001
  2.4362227e-001
  2.1845837e-001
  1.9118337e-001
  1.6305947e-001
  1.3482347e-001
  1.0744807e-001
  8.1745969e-002
  5.7946669e-002
  3.6303869e-002
  1.7261469e-002
  1.0620692e-003
